00240910713628
00241010713628
00247410713628
00251710713628
00251810713628
00251910713628
00252010713628
00252110713628
00252210713628
00252310713628
00252410713628
00252510713628
00254310713628
00254410713628
00254510713628
00254610713628
00255110713628
00299610913618
00303710913618
00307610913618
00308210913618
00308310913618
00309110913618
00309510913618
00309710913618
00309810913618
00309910913618
00310110913618
00310510913618
00311310913618
00311610913618
00311710913618
00311810913618
00312010913618
00312110913618
00312210913618
00312310913618
00312410913618
00312510913618
00312610913618
00312710913618
00312810913618
00312910913618
00313010913618
00313110913618
00313210913618
00313310913618
00313410913618
00313710913618
00313810913618
00313910913618
00314010913618
00314110913618
00314210913618
00314310913618
00314410913618
00314510913618
00314610913618
00314710913618
00314810913618
00315010913618
00315110913618
00315210913618
00315310913618
00315410913618
00315510913618
00315610913618
00315810913618
00316010913618
00316110913618
00316210913618
00316310913618
00316410913618
00316510913618
00316810913618
00316910913618
00317010913618
00317110913618
00317210913618
00317410913618
00317510913618
00317610913618
00317710913618
00317810913618
00317910913618
00318010913618
00318110913618
00318210913618
00318310913618
00318410913618
00318510913618
00318610913618
00318710913618
00318810913618
00319010913618
00319110913618
00319210913618
00319410913618
00319610913618
00319910913618
00320010913618
00320110913618
00320410913618
00320510913618
00320610913618
00321010913618
00321110913618
00321210913618
00321410913618
00321510913618
00321610913618
00321810913618
00321910913618
00322010913618
00322210913618
00322310913618
00322410913618
00322510913618
00322610913618
00322710913618
00322810913618
00322910913618
00323010913618
00323110913618
00323210913618
00323310913618
00323410913618
00323510913618
00323610913618
00323710913618
00323810913618
00323910913618
00324010913618
00324110913618
00324210913618
00324310913618
00324410913618
00324510913618
00324610913618
00324710913618
00324810913618
00324910913618
00325010913618
00325110913618
00325210913618
00325310913618
00325510913618
00325610913618
00325710913618
00325810913618
00325910913618
00326010913618
00326110913618
00326210913618
00326310913618
00326410913618
00326610913618
00326710913618
00326810913618
00326910913618
00327010913618
00327110913618
00327210913618
00327310913618
00327410913618
00327510913618
00327610913618
00327710913618
00327810913618
00328010913618
00328110913618
00328210913618
00328310913618
00328410913618
00328510913618
00328610913618
00328710913618
00328810913618
00328910913618
00329010913618
00329110913618
00329210913618
00329310913618
00329410913618
00329510913618
00329610913618
00329710913618
00329810913618
00329910913618
00330010913618
00330110913618
00330210913618
00330310913618
00330410913618
00330510913618
00330610913618
00330710913618
00330810913618
00330910913618
00331010913618
00331110913618
00331210913618
00331310913618
00331410913618
00331510913618
00331610913618
00331710913618
00331810913618
00331910913618
00332010913618
00332110913618
00332210913618
00332310913618
00332410913618
00332610913618
00332710913618
00332810913618
00332910913618
00333010913618
00333110913618
00333210913618
00333310913618
00333410913618
00333510913618
00333610913618
00333710913618
00333810913618
00333910913618
00334010913618
00334110913618
00334210913618
00334310913618
00334410913618
00334510913618
00334610913618
00334710913618
00334810913618
00334910913618
00335010913618
00335210913618
00335410913618
00335510913618
00335610913618
00335710913618
00335810913618
00335910913618
00336010913618
00336110913618
00336210913618
00336310913618
00336410913618
00336610913618
00336710913618
00336810913618
00336910913618
00337010913618
00337110913618
00337210913618
00337310913618
00337410913618
00337510913618
00337610913618
00337810913618
00337910913618
00338010913618
00338210913618
00338310913618
00338410913618
00338510913618
00338610913618
00338710913618
00338810913618
00338910913618
00339010913618
00339110913618
00339210913618
00339310913618
00339410913618
00339510913618
00339610913618
00339710913618
00339810913618
00339910913618
00340110913618
00340210913618
00340310913618
00340410913618
00340510913618
00340610913618
00340710913618
00340810913618
00340910913618
00341010913618
00341110913618
00341210913618
00341310913618
00341410913618
00341510913618
00341610913618
00341710913618
00341810913618
00341910913618
00342010913618
00342110913618
00342210913618
00342310913618
00342410913618
00342510913618
00342610913618
00342710913618
00342810913618
00342910913618
00343010913618
00343110913618
00343210913618
00343310913618
00343410913618
00343510913618
00343610913618
00343710913618
00343810913618
00343910913618
00344010913618
00344110913618
00344210913618
00344310913618
00344410913618
00344510913618
00344610913618
00344710913618
00344810913618
00344910913618
00345010913618
00345110913618
00345210913618
00345310913618
00345410913618
00345510913618
00345610913618
00345710913618
00345810913618
00345910913618
00346010913618
00346110913618
00346210913618
00346310913618
00346410913618
